function [xt, a_prev, c_prev, Wf, bf, Wi, bi, Wo, bo, Wc, bc, Wy, by, da_next, dc_next] = generateRandomseedDataLSTMcellbackward()
%%
xt = [[ 1.62434536 -0.61175641 -0.52817175 -1.07296862  0.86540763 -2.3015387   1.74481176 -0.7612069   0.3190391  -0.24937038]
 [ 1.46210794 -2.06014071 -0.3224172  -0.38405435  1.13376944 -1.09989127  -0.17242821 -0.87785842  0.04221375  0.58281521]
 [-1.10061918  1.14472371  0.90159072  0.50249434  0.90085595 -0.68372786  -0.12289023 -0.93576943 -0.26788808  0.53035547]];


%%
a_prev = [[-0.69166075 -0.39675353 -0.6871727  -0.84520564 -0.67124613 -0.0126646  -1.11731035  0.2344157   1.65980218  0.74204416]
 [-0.19183555 -0.88762896 -0.74715829  1.6924546   0.05080775 -0.63699565   0.19091548  2.10025514  0.12015895  0.61720311]
 [ 0.30017032 -0.35224985 -1.1425182  -0.34934272 -0.20889423  0.58662319   0.83898341  0.93110208  0.28558733  0.88514116]
 [-0.75439794  1.25286816  0.51292982 -0.29809284  0.48851815 -0.07557171   1.13162939  1.51981682  2.18557541 -1.39649634]
 [-1.44411381 -0.50446586  0.16003707  0.87616892  0.31563495 -2.02220122  -0.30620401  0.82797464  0.23009474  0.76201118]];

%%
c_prev = [[-0.22232814 -0.20075807  0.18656139  0.41005165  0.19829972  0.11900865  -0.67066229  0.37756379  0.12182127  1.12948391]
 [ 1.19891788  0.18515642 -0.37528495 -0.63873041  0.42349435  0.07734007  -0.34385368  0.04359686 -0.62000084  0.69803203]
 [-0.44712856  1.2245077   0.40349164  0.59357852 -1.09491185  0.16938243   0.74055645 -0.9537006  -0.26621851  0.03261455]
 [-1.37311732  0.31515939  0.84616065 -0.85951594  0.35054598 -1.31228341  -0.03869551 -1.61577235  1.12141771  0.40890054]
 [-0.02461696 -0.77516162  1.27375593  1.96710175 -1.85798186  1.23616403   1.62765075  0.3380117  -1.19926803  0.86334532]];

%%
Wf = [[-0.1809203  -0.60392063 -1.23005814  0.5505375   0.79280687 -0.62353073   0.52057634 -1.14434139]
 [ 0.80186103  0.0465673  -0.18656977 -0.10174587  0.86888616  0.75041164   0.52946532  0.13770121]
 [ 0.07782113  0.61838026  0.23249456  0.68255141 -0.31011677 -2.43483776   1.0388246   2.18697965]
 [ 0.44136444 -0.10015523 -0.13644474 -0.11905419  0.01740941 -1.12201873  -0.51709446 -0.99702683]
 [ 0.24879916 -0.29664115  0.49521132 -0.17470316  0.98633519  0.2135339   2.19069973 -1.89636092]];

%%
bf = [[-0.64691669]
 [ 0.90148689]
 [ 2.52832571]
 [-0.24863478]
 [ 0.04366899]];

%%
Wi = [[-0.22631424  1.33145711 -0.28730786  0.68006984 -0.3198016  -1.27255876   0.31354772  0.50318481]
 [ 1.29322588 -0.11044703 -0.61736206  0.5627611   0.24073709  0.28066508  -0.0731127   1.16033857]
 [ 0.36949272  1.90465871  1.1110567   0.6590498  -1.62743834  0.60231928   0.4202822   0.81095167]
 [ 1.04444209 -0.40087819  0.82400562 -0.56230543  1.95487808 -1.33195167  -1.76068856 -1.65072127]
 [-0.89055558 -1.1191154   1.9560789  -0.3264995  -1.34267579  1.11438298  -0.58652394 -1.23685338]];

%%
bi = [[ 0.87583893]
 [ 0.62336218]
 [-0.43495668]
 [ 1.40754   ]
 [ 0.12910158]];

%%
Wo = [[ 1.61694960e+00  5.02740882e-01  1.55880554e+00  1.09402696e-01  -1.21974440e+00  2.44936865e+00 -5.45774168e-01 -1.98837863e-01]
 [-7.00398505e-01 -2.03394449e-01  2.42669441e-01  2.01830179e-01   6.61020288e-01  1.79215821e+00 -1.20464572e-01 -1.23312074e+00]
 [-1.18231813e+00 -6.65754518e-01 -1.67419581e+00  8.25029824e-01  -4.98213564e-01 -3.10984978e-01 -1.89148284e-03 -1.39662042e+00]
 [-8.61316361e-01  6.74711526e-01  6.18539131e-01 -4.43171931e-01   1.81053491e+00 -1.30572692e+00 -3.44987210e-01 -2.30839743e-01]
 [-2.79308500e+00  1.93752881e+00  3.66332015e-01 -1.04458938e+00   2.05117344e+00  5.85662000e-01  4.29526140e-01 -6.06998398e-01]];

%%
bo = [[ 0.10622272]
 [-1.52568032]
 [ 0.79502609]
 [-0.37443832]
 [ 0.1340482 ]];

%%
Wc = [[ 1.20205486  0.28474811  0.26246745  0.2764993  -0.7332716   0.83600472   1.54335911  0.75880566]
 [ 0.88490881 -0.87728152 -0.86778722 -1.44087602  1.23225307 -0.25417987   1.39984394 -0.78191168]
 [-0.43750898  0.09542509  0.92145007  0.0607502   0.21112476  0.01652757   0.17718772 -1.11647002]
 [ 0.0809271  -0.18657899 -0.05682448  0.49233656 -0.68067814 -0.08450803  -0.29736188  0.417302  ]
 [ 0.78477065 -0.95542526  0.58591043  2.06578332 -1.47115693 -0.8301719  -0.8805776  -0.27909772]];

%%
bc = [[ 1.62284909]
 [ 0.01335268]
 [-0.6946936 ]
 [ 0.6218035 ]
 [-0.59980453]];

%%
Wy = [[ 1.12341216  0.30526704  1.3887794  -0.66134424  3.03085711]
 [ 0.82458463  0.65458015 -0.05118845 -0.72559712 -0.86776868]];

by = [[-0.13597733]
 [-0.79726979]];

%%
da_next = [[ 0.28267571 -0.82609743  0.6210827   0.9561217  -0.70584051  1.19268607  -0.23794194  1.15528789  0.43816635  1.12232832]
 [-0.9970198  -0.10679399  1.45142926 -0.61803685 -2.03720123 -1.94258918  -2.50644065 -2.11416392 -0.41163916  1.27852808]
 [-0.44222928  0.32352735 -0.10999149  0.00854895 -0.16819884 -0.17418034   0.4611641  -1.17598267  1.01012718  0.92001793]
 [-0.19505734  0.80539342 -0.70134443 -0.53722302  0.15626385 -0.19022103  -0.44873803 -0.67244804 -0.55749472  0.93916874]
 [-1.94332341  0.35249436 -0.23643695  0.7278135   0.51507361 -2.78253447   0.58464661  0.32427424  0.02186284 -0.46867382]];

%%
dc_next = [[ 0.85328122 -0.41302931  1.83471763  0.56438286  2.13782807 -0.785534  -1.75592564  0.7147896   0.85270406  0.0353601 ]
 [-1.53879325 -0.44789518  0.61798553 -0.18417633 -0.11598519 -0.17545897  -0.93391466 -0.53302033 -1.42655542  1.76795995]
 [-0.47537288  0.47761018 -1.02188594  0.79452824 -1.87316098  0.92061512  -0.03536792  2.11060505 -1.30653407  0.07638048]
 [ 0.36723181  1.23289919 -0.42285696  0.08646441 -2.14246673 -0.83016886   0.45161595  1.10417433 -0.28173627  2.05635552]
 [ 1.76024923 -0.06065249 -2.413503   -1.77756638 -0.77785883  1.11584111   0.31027229 -2.09424782 -0.22876583  1.61336137]];


end